17694
52158
36465
61388
13590
75740
29603
5073
43475
78987
55103
80182
35209
87470
25689
65155
45225
89946
79604
90368
86069
23405
56436
18064
61992
42802
31377
14234
41395
82507
31751
43733
64001
43476
34794
93647
56251
47619
20599
20762
66888
85918
27302
83923
65804
60125
56220
14065
64306
53629
15389
40391
10020
90974
13950
96886
17591
4282
94807
39954
33956
48259
66551
49902
44720
54935
54131
10598
55757
60098
46775
39562
25337
36913
72317
68930
20004
33678
66746
93315
46352
16637
10453
12332
87281
96466
32276
64189
90739
4204
70703
80661
17275
98306
28997
70949
31910
45417
68077
30295
77933
32271
89285
14133
17322
77559
9766
38871
532
95009
72729
6957
2822
15669
35618
98532
22719
16988
89883
44889
79394
89147
71644
27544
12253
94253
69493
98994
22950
41884
17470
76180
69186
91228
77158
90415
93535
83524
19143
54341
5633
22986
10523
1923
60666
41337
58536
86755
1458
39058
48630
82494
17671
67388
23714
49038
67469
2121
95595
99279
14390
62151
55561
83249
70605
59231
88765
92556
12221
11725
7332
10945
73454
27389
54533
85753
4111
86878
13162
63357
61231
91846
46411
90401
65605
75522
37669
41549
68528
89944
81706
27817
68505
77563
9938
87972
16725
31754
87440
23521
62310
77925
53471
23583
38976
56717
40443
26596
48617
94104
34860
16293
83802
12717
65916
13684
82882
27970
50378
73639
49098
10159
57655
50497
64691
50318
9918
5311
73307
9682
6017
76033
76031
53537
47838
7826
18266
70128
54592
51510
78124
75705
53906
28848
96342
74299
19470
33773
99425
54703
41876
112
65598
88450
32438
39547
54248
5459
63376
34678
21414
11115
69301
44736
41996
88852
89828
20335
60001
86392
11193
12581
28924
95991
54624
75089
42823
9252
42693
81727
88198
69021
37159
36861
42769
41605
47787
47339
47164
26559
51884
20287
82392
39209
79919
15986
56818
4531
45365
61770
36889
46042
97578
51332
36829
93382
41979
91581
81715
80220
57061
47230
83925
94625
85479
36418
31942
61228
30425
24678
33107
549
87862
25964
58325
64224
89269
24267
60851
44113
83542
20502
55301
97707
74583
10823
32851
41209
10278
61512
51803
82071
90353
59710
69426
53550
40729
28051
5602
12682
43333
53470
74673
88122
10163
78833
93282
23236
86569
51647
98005
27490
3498
98952
88457
50461
8484
84418
32994
88644
48262
31686
33509
38377
45870
83412
9761
62456
68384
89379
66536
85429
68403
86985
10938
28817
23430
94755
51906
72424
54768
79395
72250
65403
22293
27891
95114
32133
61844
59402
62094
54396
99133
38154
11029
81125
35200
86482
53989
75316
4481
80647
9628
3871
71751
57754
69746
606
24947
56278
67866
55138
75374
98985
48327
25839
24092
63373
61804
80919
79436
46321
53531
65940
91569
13768
62670
88193
55979
20238
99204
67157
73854
16179
47300
91486
49477
91173
41245
99702
28095
37758
93294
87941
87559
57031
81857
59570
33857
24455
61394
26599
34960
72365
33933
4352
54597
26390
68373
26063
33202
25275
24065
45968
27709
92826
3938
64644
23376
35807
25567
25804
87757
84878
36321
66212
76062
12432
75403
44889
52362
77080
55328
21417
56484
42225
104
92789
7230
58758
96366
95589
25659
29517
19201
23896
89505
92081
26810
59590
749
1274
74461
85685
38689
90395
79480
65716
49848
23672
14888
77016
68539
9682
93947
76912
43500
46641
64593
39623
48319
73740
74299
33941
6600
40408
83334
51202
22063
88235
62193
56409
33216
45548
74361
69508
37727
7929
55382
67498
45785
84819
66558
7521
11126
5898
9543
66770
15531
5729
75242
78056
51980
3006
70339
23380
82494
96336
69109
38433
50154
30205
17162
88975
74221
2535
92600
96430
716
60091
54207
62392
75909
24374
68751
12075
66977
58067
9383
70209
17766
41749
88920
58510
97833
21070
93320
66902
49536
61258
10994
63369
73494
13051
35658
31772
17303
77313
59390
49285
26923
21142
35641
93331
83360
67283
51521
75495
69471
77827
43232
30451
74593
88546
2879
53837
43291
61009
72046
74479
70004
45849
51937
46063
84279
72216
43861
56342
34947
79757
67664
9376
85472
43037
7205
77263
72717
63584
52951
21483
757
98443
5429
4666
83808
12186
36516
19192
92293
95418
17178
67123
6492
2672
70342
41350
40529
20298
9838
84720
63606
93120
8688
67760
56560
3173
74346
34048
50897
92784
77780
10603
18822
6946
11467
27115
93318
86515
90889
95555
75275
11870
44016
20470
41405
37189
69318
54179
47753
68162
21561
8734
22001
99244
5411
67467
14558
15650
5961
76729
42448
5943
69086
81049
80150
49754
56293
65658
49336
45312
58643
69795
41937
69969
83539
97260
70683
19820
4611
83097
58051
59671
64731
89939
10203
2247
50766
89509
86030
96936
73577
6896
48110
88777
91448
92268
1673
20936
34536
56859
61658
38421
93447
94731
16188
85606
17863
1097
13593
83031
52802
73980
14017
90747
49784
45541
92918
61667
27347
2513
33284
76810
85835
75192
43182
98939
8934
62293
71139
56671
40567
69058
58672
84615
29831
98448
96591
96818
83825
864
86077
70427
54663
67329
42793
54627
56947
27526
10727
40438
30168
72515
76357
81948
33110
61380
90229
91615
89036
55114
78537
43156
46839
60387
6621
59240
13497
20901
82510
56840
24885
29254
35433
85325
82423
21211
13150
24290
46833
22380
93778
93139
56319
40144
93364
30196
25548
19562
85927
15531
7085
14591
12286
60154
78412
62866
4135
44014
32959
56126
35070
43358
21846
66416
38562
44160
45716
64255
22596
13901
72725
45897
70715
21902
89014
35947
57397
32068
75825
42940
75080
84690
54607
81094
95822
27399
344
46979
6416
64427
25183
70800
10978
58470
57433
32304
11355
27496
46438
52957
65760
4472
5571
73042
12774
38012
23975
48648
86380
68353
26282
44687
51612
51336
66389
85526
87808
59149
68578
88039
57405
22005
35387
96530
11038
15924
61569
13211
32490
1273
12265
2738
51028
35958
66337
62907
22166
42095
11248
66140
96615
60478
66043
23767
86470
21953
37027
46176
16802
49089
89900
91482
55378
95935
83545
70221
23542
98027
35795
31589
48609
21191
33993
2698
63879
63580
16336
87896
57520
75421
49131
85755
33710
96848
14535
48744
98418
25425
52413
8378
54716
96086
16475
10696
88146
90494
34108
96960
31407
88949
96754
48162
23669
25574
28518
90139
43866
45982
5879
54237
18072
6137
15550
11735
25217
21131
93106
73718
68495
5997
47175
36056
91481
16449
63922
18568
3586
70084
39719
48667
94060
50448
78691
9222
38858
73003
87398
77978
77491
81263
15480
79549
50449
72151
17868
5638
78169
43810
12097
57781
73142
2983
42469
64301
22942
59126
80309
53326
2598
52647
88160
46899
45905
68545
73258
58917
86788
4904
40555
35770
2837
23908
20791
78094
30561
73419
10041
62300
31036
95562
80600
249
70755
4341
75132
85613
64174
99068
40585
92494
79970
45401
74218
33979
2243
58973
44681
45779
31558
87507
99707
27888
30084
86065
84697
84835
31594
55465
38312
14828
32109
91319
13434
26581
70428
37930
94606
64461
58158
26444
6386
75804
5914
20720
72905
46792
16357
14423
65895
45187
24821
76863
5880
47150
26628
83241
54881
5423
5489
58661
77407
68938
25361
66972
62700
10207
31779
69338
12864
36448
91040
4438
62227
94124
22801
63263
4896
50573
42171
90661
95430
94315
25333
44992
22856
40459
96058
31649
39508
21351
79450
75092
62561
68203
94539
94062
13841
26793
54845
53753
40342
17562
21226
18009
84369
53522
31628
99386
37909
96542
80777
45304
9866
71933
43690
49227
49166
78936
76457
40909
72022
37376
35112
71177
59218
50274
63935
50753
35214
26185
31469
45340
62292
16272
31408
23946
18767
17922
28271
6614
45707
55888
85364
32743
60696
94478
1239
28082
25070
87371
32566
74752
86762
16812
86401
17880
32342
86852
24689
36200
79590
73265
83672
77013
11838
21109
27124
13117
24402
28784
94878
7269
35750
75703
31775
51716
52148
40627
36193
5739
27275
69112
12547
72495
50996
10048
70855
72213
84208
83812
36006
26744
22814
88246
50947
14074
1689
7454
92860
20069
76637
56207
73756
64189
87306
47749
31118
49028
10721
88350
89325
73993
89451
21074
36982
7694
89529
21872
74239
11604
10054
10358
33665
40901
34265
4940
97232
94590
39975
38046
60075
38839
86901
5045
98287
51152
38075
95408
22470
10522
92036
67908
67676
50112
45073
80685
50578
38384
83965
86480
54156
39689
20315
90223
11558
44290
20956
63047
32227
10933
17325
99050
32773
70439
78622
39860
6329
244
66813
58988
44105
22651
46688
41785
7989
44868
14305
10110
87868
29098
31843
64947
76820
46857
98963
72834
65241
18084
68843
18427
52386
78067
43472
78900
59599
27496
17850
30305
92414
3804
89876
1100
35773
88603
23417
16913
48954
88233
76735
47000
56343
64463
78544
3215
71065
1958
28434
99236
88383
12671
90473
87388
79887
26636
93458
31763
77932
3279
80016
64400
75140
26013
72004
39332
30182
35150
80341
85727
37777
69027
55439
43471
9671
34580
9063
41463
79168
89974
16060
64328
31227
34022
71738
90718
72239
48213
66905
3897
40992
14223
87714
16821
39821
38249
81
84521
64838
33799
17141
81273
96508
95751
23381
53368
94960
77389
98093
20478
41261
58828
5334
90210
13841
47982
23075
84564
62566
83584
5927
8154
31408
39549
55700
36036
45407
27606
52895
8206
81219
69274
49920
12082
86207
55016
84661
75047
4567
61998
18085
90362
43843
97692
86786
97735
99494
33611
13416
38228
3224
94019
11650
95978
57790
3565
1259
49969
35580
14710
37650
11911
9697
18525
88759
76509
16416
25754
27155
91503
63
43466
5620
45149
81768
24443
62885
36330
41053
89040
10476
688
56456
95697
1132
77534
54128
2227
47307
92400
70728
11999
35054
62089
43682
78946
41601
7792
87041
23729
88371
2500
26284
74902
3997
28956
73630
86363
27011
30272
36570
850
67315
30398
73915
58878
32075
72042
47722
90626
27351
66133
27625
54820
47640
92296
13996
39838
71776
49501
55431
85473
87033
66618
13890
27493
78597
37227
3210
6482
80096
34172
41537
35140
51714
95568
4981
51999
31457
40832
78990
82031
61172
23123
1729
93113
54770
52790
21634
50244
47256
8889
88694
64286
37065
37190
88358
15021
77647
85726
14319
55730
95936
86674
6679
6587
36285
90555
26650
36038
91956
81430
69698
87725
68837
52448
46389
37683
38177
14793
19816
37577
78158
93464
73906
51197
12839
42748
32891
42655
12928
25577
98995
74513
73224
89719
5119
87435
15047
37203
36814
36521
59719
8128
48713
23121
71791
97806
47369
65156
97833
2037
19843
80481
44069
74510
29918
24336
74807
92174
10597
94834
20476
26048
57336
50914
52602
38846
54269
27176
82629
2284
85460
14842
18845
57105
57000
85487
15925
1106
34273
15906
38351
76973
97174
70847
95170
50191
42463
37741
84765
58962
55049
65656
43110
72567
99711
48314
71387
75292
74262
12165
87098
18138
1969
51823
36412
28989
8258
63355
63484
28417
9056
61344
11125
88869
88613
62776
43177
84655
2745
24103
95966
57468
3754
24582
74722
12354
35288
58827
83312
40068
10284
84983
96363
17521
11273
14235
35015
6905
14331
37672
57895
83629
47915
2546
77952
11154
73364
43392
22301
99554
3920
36946
65564
98271
83660
61135
57205
31636
87963
55211
81339
20906
71333
89265
23739
40836
46112
48018
45986
26424
66263
61802
92027
90027
34726
85420
64981
38759
92360
74250
78402
88731
86344
72163
43804
66351
6867
79368
59267
18851
50063
97516
1858
60931
85701
23336
65199
4745
46265
40009
88240
73839
29178
49623
12891
45103
49621
63554
52598
72825
4292
70955
75326
36272
11780
96268
83651
47553
67428
56869
7887
53761
94265
78468
19367
47619
7471
1072
93898
10450
23065
71762
42263
67153
43753
46241
17196
74093
43836
46793
22953
52827
12620
53366
80370
43251
51785
54019
29043
61512
81058
2585
83422
51747
24669
87110
528
14428
1382
23453
19217
98901
59940
92835
71738
67282
41511
19389
95921
5816
82270
11955
10704
41473
45637
50369
32356
3130
3163
66394
38065
57337
95121
26361
50995
84958
35647
74694
34239
51652
721
6402
54024
60132
10942
2511
69245
37383
97529
84382
6223
83718
39616
82934
46001
38784
7506
44414
56120
38679
54078
56999
2978
17639
5046
12953
88243
89444
42338
95449
73914
51951
39793
21203
26322
24116
18955
42
49604
16035
33442
67993
57770
13674
678
74821
13262
99747
31415
83201
12433
73087
75349
3421
56104
41671
93844
87629
51233
51050
88140
43921
66467
94032
61324
87430
50067
36569
99182
10632
71059
5851
41510
54946
91813
46999
43188
87284
55021
81975
40185
83967
88692
42470
78757
49713
68809
18571
43471
68008
2146
26340
38303
20036
64576
46555
33029
14925
9552
36391
91372
81821
334
41346
22505
89676
78468
18466
59405
47511
9809
62327
5210
21260
96100
42560
35123
9237
40103
65258
107
11262
42425
76870
99583
23429
9300
93829
736
14653
84717
50770
95561
35486
72825
74125
95599
77068
84716
84928
13046
4290
25917
34495
47456
89084
40326
18689
92096
65118
78344
3477
16941
62021
5803
71203
13426
40903
26786
79841
40002
24009
20845
20846
91017
92125
33144
846
58557
56694
64385
35299
49459
84234
74615
59204
38670
48418
64062
22653
68083
40929
17838
34210
30744
79279
93275
14737
4123
16001
78992
59619
91438
35590
26613
52591
5999
34416
48783
46876
16150
57789
20742
84800
55592
1026
43010
77113
42761
81811
79406
96519
13166
21809
1503
2181
14064
80368
98766
83746
86045
93444
46721
50688
43592
22184
14632
8937
23553
59402
91554
87048
93471
11382
67168
26091
76985
94110
8129
25299
39156
49699
57693
88725
95222
43938
61950
57713
14042
98526
60392
54540
9501
60165
33977
8204
1429
83458
3050
10767
83393
86303
92150
58600
68410
77749
33394
26296
84553
4050
37818
17509
24691
21093
90893
80761
54927
67144
66734
74106
1433
90218
37004
98465
80126
97689
49915
53017
67767
54281
28833
50231
39955
2019
93293
45808
19853
29133
53473
70235
94621
24498
94864
26243
42762
36814
43170
48041
413
35991
16757
80597
2481
70539
43038
10390
37030
98387
85069
86942
95860
87569
51022
25491
81949
98731
94252
69363
66108
98739
60944
45767
24281
43666
47815
61314
74654
85457
26849
45815
38116
87524
37750
50837
26534
69427
24995
1152
84343
89318
77746
77292
67504
60397
53112
22392
40769
29065
26647
67589
47977
68635
18564
57106
85537
13350
34083
70358
29202
24483
97454
80216
28807
14786
26805
37774
60157
95831
12575
39825
67062
5481
74702
83353
62413
42066
84449
17562
13253
20659
72562
47803
69370
40280
57120
20494
78296
69091
66216
50289
72618
46744
44236
20705
92395
60644
10229
533
22393
6347
46037
78206
65703
5229
53061
30105
20433
85428
82509
28429
69514
44764
81250
13160
2674
76671
63273
96657
38500
48956
21274
11529
58539
63203
46944
97636
7092
34688
3612
26749
53822
83682
76329
4987
37134
16871
45307
42110
40287
76390
19745
68325
77015
40472
57065
59648
15189
45347
41890
9389
5223
98053
75261
58834
51064
10970
79021
92181
91941
25833
66861
28667
99472
68657
61568
85915
5038
9196
16724
59263
25884
77757
62112
97558
44303
76635
18957
30328
60328
47482
31184
19160
6438
98706
2421
86527
93301
93870
27991
93130
81828
21652
46988
87522
62004
83788
14270
66356
96557
96942
25780
96333
50923
45708
70415
30516
93557
5881
27408
92548
40814
49718
21271
11780
31044
8375
19590
92228
38086
66582
76740
80630
67603
25299
81277
35207
43085
95942
83302
90649
83277
17379
35071
82494
87408
56969
47922
6035
74830
87143
48343
37814
36651
34795
12954
45862
21447
6889
64596
6870
42448
85892
69269
25869
48823
42684
69956
35165
42464
70580
1053
69405
95442
92766
8985
77350
36111
10502
61612
44614
72606
49336
39207
86404
72388
71278
78045
48050
99569
96698
99587
55784
36822
34445
6545
68642
660
1825
29381
87992
96175
28585
81670
79958
93346
14867
9094
54359
69996
38007
76993
21731
19465
76383
51874
83810
30907
53011
90725
97852
31655
50816
99351
23502
10844
66340
41273
27211
84237
44344
61892
96013
17728
82106
68166
47446
30175
78871
12746
6056
81484
38001
17494
58812
89490
98802
39502
16387
22870
88494
49750
29431
42860
93646
84692
29501
41190
23326
84532
51450
91272
63604
55237
56335
65846
54747
81537
93650
51918
92188
58313
36778
91730
89768
53775
83143
27710
21093
2221
88027
22809
31058
16979
23001
5222
47736
51486
76841
66809
20015
31460
44772
46599
14986
37036
98418
47894
29824
35097
48222
8851
83608
66472
91667
12803
87120
17615
36246
95761
26762
65701
30495
73446
87892
46753
94933
22583
64370
99514
44452
8088
72650
96909
41918
12302
23756
87741
44459
15267
50268
30709
11310
34898
34493
55433
40471
39170
68380
27483
34846
53583
82678
65849
42082
58563
55399
84419
63006
25380
67248
89674
68677
49768
23940
70164
57402
675
81423
41340
85358
27169
30244
44119
29526
22223
26689
30321
15848
26675
35361
75158
65843
37212
37406
35564
92633
95027
17056
53821
90250
60497
65543
13555
17501
65899
98865
63260
9965
3241
90632
15629
79502
42836
34763
19235
90602
81933
83543
1093
37309
33530
17618
54852
48329
92731
55349
10212
9719
40539
49363
30293
7691
72738
63689
80698
4994
79623
5604
94730
93771
63203
29354
59157
47007
80257
54662
86110
11262
49073
5620
72711
40583
95963
7460
69739
29620
55377
57454
6212
11056
89726
24883
4492
13814
19738
38668
65377
67623
10271
14610
68834
31271
31254
81865
96918
39605
1450
16873
89740
80262
22783
52362
348
59932
20603
25771
17452
15624
52098
50559
98224
85369
2304
23382
29865
1983
91070
64963
52845
42401
89880
21167
2791
21879
48454
74553
92725
73285
17078
53576
75280
94645
52634
3983
98601
83184
58685
7643
49230
37112
80081
30588
54987
55973
52293
72749
44590
84698
44434
90658
79683
76099
87156
15022
53278
35822
59638
7438
41142
83747
17606
94070
49486
225
74600
96341
46544
39574
13350
18823
60851
62906
45220
3319
71867
70793
58353
47087
60799
58395
96986
44862
10085
21826
62489
69988
23626
25823
6731
76061
96222
62850
21920
80935
49515
7036
95083
7122
34231
15042
97944
75620
71679
1792
74653
33734
96643
13464
37065
31054
46529
50614
50106
28969
84249
79249
32299
55077
1103
45600
1642
23672
60623
68822
36135
23377
87947
45499
91880
537
37728
63849
39993
10085
70103
67712
5601
29275
70247
38982
20976
39487
71159
56767
87541
21017
71873
7716
33612
32900
62322
55363
46356
81909
46127
66515
15391
44038
21521
62963
92130
17662
99121
80350
7244
26079
65310
33676
1108
64268
6027
28552
79467
1397
47366
28457
86864
51296
32355
33968
61506
63254
37655
66845
30736
25415
94528
6830
83021
28411
47042
42710
72863
94486
20588
21813
93846
82374
67097
98009
38298
58380
22323
21809
24509
84773
34674
47626
73487
36340
61857
63560
6768
93966
31201
42627
12097
65890
743
21723
19987
85955
2753
48889
2049
43827
30743
18435
94010
30157
61324
6620
25430
96239
60739
33654
35594
20355
72222
54132
55286
71592
47073
5121
84667
7874
79637
34983
58026
25498
18313
23789
64536
28275
31475
10256
34957
14027
81396
21820
39580
97705
60570
54887
75117
66506
74079
32106
84022
97026
93262
93757
30600
96913
38566
98318
47589
20579
68502
93502
99883
84292
61448
5080
61981
26303
98267
95246
71143
9617
98345
57010
70368
29454
97607
27342
73635
9391
3755
49825
61893
72535
30503
99511
11434
2529
67283
38307
54196
70824
71017
15996
18935
5106
25962
56849
24712
86426
37150
58569
12019
7000
97177
94747
55819
21296
17977
86151
86268
32692
4843
7600
26812
75958
39661
48087
21920
62541
60526
18357
22444
10691
77042
64404
26306
85306
74034
39467
62460
20089
3296
50196
66484
66711
53095
10923
14848
59330
7825
93605
95227
21803
13443
89738
33054
21714
97507
94897
8206
5098
84730
38135
55471
88425
9972
9532
8791
84111
99491
22330
2653
32336
68739
41154
71599
71487
3065
68149
66883
22136
91925
87196
91845
65418
79927
60356
62096
82624
83534
4377
92792
10123
40538
30174
36899
80142
52019
59015
84824
42181
31779
6643
31983
22066
90862
95369
44968
62821
83730
66285
21336
72040
66953
21407
95678
77092
57067
35345
43380
61940
68817
56995
23937
29252
48212
33757
13451
16037
59316
8456
93098
80560
96533
54665
29943
17588
93571
78427
70403
1438
18006
96840
92612
6116
17520
7364
98954
48846
41475
44294
85136
35105
57681
84227
34926
82377
3563
19689
63340
69955
12442
48757
24560
20804
18620
47121
36152
21993
17478
10509
11524
62717
57577
37401
37194
16320
73135
77693
88877
33338
84388
31734
82856
43324
67377
84013
47459
74510
7875
31668
72104
61691
80682
43776
54128
55542
79902
83550
64375
95719
84668
3412
13358
68629
37582
27925
87343
40178
11433
58047
73258
43614
4816
46453
21470
58745
95158
60404
21380
25736
82816
78549
39493
73602
17928
62302
81228
20088
37694
61765
97494
32576
83401
80098
62694
91101
52619
92719
52149
87884
51395
83966
73318
10348
24876
55672
472
81323
56067
43694
46644
19594
12166
39421
62983
92524
88663
51427
39241
81792
14304
80120
61883
71080
32816
41868
1840
24582
16003
22267
738
45506
62016
9935
32389
44090
38300
63634
58393
25543
75421
36621
47033
80903
1241
74306
3280
37069
43836
27747
79179
15969
61735
4430
86505
50197
32982
18054
70320
95461
38458
37230
61881
83529
10021
90820
26379
4059
37605
69527
18341
22464
2951
75655
95285
57557
10301
27544
40934
91992
92218
77266
85782
63087
68537
24984
19397
2264
47774
32515
16329
58927
53588
12283
56703
28917
4790
44817
59324
70051
36073
17244
80065
27979
10566
47278
21741
62567
93078
71378
16812
60641
39893
73124
6221
9022
87097
76333
16306
19272
38508
81593
66944
47126
33845
96599
98742
91578
51510
70540
55035
73735
52174
97044
20496
62748
68382
88535
18052
3730
7400
60484
94502
91774
6995
18381
76629
10083
55915
98110
86708
43735
12166
99899
71865
8560
35041
14293
39684
85163
1545
43720
88557
63865
56086
73652
38934
9287
66002
77174
18048
75432
29047
6563
26713
40801
12565
75808
57458
93936
42323
42273
8207
65626
40493
86812
36728
78640
64060
90441
53517
38749
39956
19001
13718
65487
9479
51791
10712
38847
46662
20511
57315
36191
57831
84002
74408
89055
54914
18963
5032
19771
78293
54089
85736
91077
57224
83890
62657
8778
58763
11784
31763
35556
59547
13234
94009
91292
51043
98970
18200
80985
21215
35782
24402
33865
59612
2773
46295
97483
25499
4856
66395
32599
34933
50475
60898
53611
9817
82607
60919
61234
58384
25573
98908
73363
35585
73737
31452
92244
93520
22056
24892
4680
76737
60031
10865
12828
80410
97937
60235
34714
1959
53445
8462
25848
6423
53850
47873
46209
58500
68552
6527
44253
35184
25941
73483
39391
52458
31824
49729
31435
15536
53933
26824
76738
66863
37021
99
21643
229
19082
23110
23200
91016
95884
41542
98098
16287
90635
23241
28602
44302
40785
32349
82142
239
43819
67589
19451
2075
88476
89773
97205
81289
24766
63422
80792
76621
17334
89613
37290
75330
85426
32622
76080
83234
31490
6087
69050
65809
14449
5887
55403
20730
20926
80405
56456
5073
24379
44652
58045
79480
85281
10564
35718
73277
59694
3812
56417
15357
19379
86126
51027
40864
13895
35775
61434
67931
22997
22338
4785
39232
90822
97704
56333
53571
42730
98481
31899
24378
35750
34486
35748
27635
20617
42931
32754
97618
12669
89103
44972
17829
48089
50569
48477
60197
47187
3297
31635
55659
90803
40288
44420
66253
58626
96766
31723
12820
59425
21996
14287
34354
14167
85104
92516
54854
12802
41423
67947
48989
5998
47447
77780
61859
53731
5233
71045
37079
93944
69289
62386
56518
93574
65511
76204
57515
53272
65013
43959
67429
89918
72750
13746
22515
75681
88964
95977
82670
62545
83918
49867
94819
19162
76812
86397
66379
33012
22425
19245
37609
32185
68492
61083
68224
59474
58219
51182
95503
53803
41516
87157
66538
25061
67273
24841
83381
13578
11264
78830
76287
31259
39780
8600
6457
1317
20067
14059
49426
39570
90741
7034
41296
22939
35934
9617
88685
77211
72832
94126
13228
30751
86848
87626
4150
72442
82994
70806
30101
30197
65956
95040
75693
33155
44677
39189
88338
1971
11216
56736
97582
88319
17497
70321
91071
36961
55730
20665
67009
46788
37850
49169
90486
94520
87139
20890
35007
96992
4990
62303
73288
28742
34150
36822
88011
5391
31333
51398
12579
18536
67111
6051
45256
84127
97081
60468
69035
96143
24189
16822
76111
40979
67597
25753
4066
81339
65194
79464
20151
54940
20256
93830
7074
90690
66167
49524
48463
92545
37913
98255
21823
19657
27195
62902
88255
80152
12202
64617
79367
55081
74707
36044
59436
30026
77230
6859
27811
12939
78408
38872
72947
48466
90636
70577
18133
15212
7662
63964
13771
69022
52212
52244
93114
13177
17696
5789
59653
27788
82814
90866
6023
52052
51559
37921
79149
69902
49744
95916
2990
44748
77458
10896
69383
55462
20438
9410
49207
80680
82013
47189
75124
41194
47945
3672
2729
6237
80204
48093
70765
25472
68075
51349
46784
14610
74414
89078
5732
37443
16935
71262
76758
2275
31100
40337
42472
30940
68115
66527
82844
98907
83417
56097
36287
3816
54958
43169
19327
75416
55505
13561
33034
6264
61252
90036
18309
16362
22811
82129
43654
59852
81671
13895
74447
58835
13625
11042
4456
85431
38165
90186
45047
92040
9909
42692
94910
92542
90710
19186
14417
47246
19236
68054
93714
42520
25085
26677
41323
24829
76772
50102
80199
27566
84932
95593
60078
83232
29502
42596
7836
14908
17106
69289
14684
97331
7078
11267
72646
59886
42038
24911
66546
56067
52664
55032
44791
38403
52810
61819
13157
82257
8187
49001
72251
98941
28626
18314
94214
61486
45951
59806
30423
44175
87772
68670
85504
8480
68064
45442
64811
61757
40896
94780
84694
8475
48930
18114
83470
72191
33151
30665
40295
10217
32116
83020
21654
24941
30598
3276
32876
8642
95407
60402
33807
3539
73225
14959
64726
30388
27894
1604
87904
143
23082
66878
74450
30779
23606
61977
74828
46542
61105
87205
60166
14441
74276
1670
70284
91058
17171
60245
72851
65311
73347
49860
80439
35310
40749
85503
11667
85489
48701
8686
99115
45543
31879
83863
56089
68326
42471
83968
35203
84788
69043
49746
75765
64406
45599
3065
71121
39359
45996
57447
36175
89961
71407
58105
22242
68162
51802
93138
27401
67550
13737
48803
95951
97322
39275
94380
10976
2433
19018
91227
68712
86135
18073
29555
59401
71250
71353
60073
75256
38585
35623
8168
86549
17701
53030
25204
64198
86740
24901
79691
17167
64700
12269
25992
67791
72860
8330
80417
94330
72014
80115
26896
55311
77817
60663
20910
69269
58692
39909
38171
13143
59780
58072
1371
17625
11030
99005
68954
84981
52776
91619
19792
38391
28145
86110
54176
65873
69217
44184
28538
76315
90803
86933
78048
10219
58880
16353
90598
53390
48621
40664
48722
26368
76452
52593
72899
40525
33696
99304
19567
65284
39681
81863
64228
54165
28352
30544
78512
74247
55485
17033
14491
51384
56692
20261
76370
60306
24557
96715
10591
82726
88755
23493
14099
6248
99036
73511
16934
41351
94503
27386
54486
54951
16773
4164
48331
72349
71373
42422
50555
62758
33875
22802
31689
57701
23955
57558
15143
77367
98631
47177
8413
71668
62265
92641
66338
37668
34546
55471
87079
7099
48816
26216
67603
82387
96022
89840
54377
75652
39133
88069
55046
28355
82440
35910
63878
15764
63830
45214
24390
10125
79089
56336
60676
76745
74051
95104
57634
31494
29576
80060
57834
52380
6494
15110
18475
51834
64921
93791
69826
98974
71603
34705
55924
14128
3008
95960
89111
58875
22560
80783
64209
5834
9998
9171
4312
33659
33461
5078
89912
25763
40387
45378
71923
16446
59157
20871
87010
35760
30929
62947
3354
85149
3763
19917
26666
53570
63327
39358
73185
1038
87925
25021
58028
81536
50339
29766
7325
21598
13652
37494
87047
97455
2694
501
84485
61014
50361
31648
55323
67691
82852
95954
29429
38904
82817
82766
50795
41613
46313
46604
47206
96704
65818
52829
93116
3172
97972
67933
6295
51397
27523
43157
37108
39262
26647
35721
91238
85559
32399
58724
13307
32030
65684
66718
56087
4480
3714
18472
74012
63588
28097
1812
74635
87013
65298
37763
30180
61514
32580
38860
70698
95460
92871
96486
9954
65187
26104
84851
37145
98133
13178
84553
73125
39869
90630
73789
86660
61611
90329
76494
57313
34621
26700
84267
35157
37874
81121
10051
29289
72295
79161
8552
86810
57872
99515
34046
63093
30196
91342
19781
60002
99650
24319
6144
74718
30715
89406
6434
8480
12461
98730
47605
69149
29643
81390
88550
81670
99130
13676
26160
33935
60589
37653
32291
97355
71804
48218
16497
4659
11396
59580
55221
79941
92347
48512
95520
34825
96685
3711
49121
57295
50424
64218
81776
7508
25729
4554
94936
79524
4626
71925
15647
71417
32912
53245
87955
95329
18876
75218
10514
95582
74342
63528
62038
91142
84073
13379
90107
1483
32616
88175
4590
4885
89091
35852
91285
62923
49525
76838
50133
53457
9709
46466
74147
96907
82630
83637
31531
75456
92165
15855
10486
41594
44272
14228
58076
15817
83462
15659
83846
53927
72158
95632
55326
62646
56703
5700
35573
80582
71577
324
98289
84083
36927
81943
62578
51947
35906
41568
43711
37932
66699
19220
94641
91724
17172
72613
91227
27698
92803
59069
44468
7970
4516
10471
78212
70007
30658
60166
58631
25000
22114
78633
5984
93836
8221
54166
56253
32026
29079
17955
579
51690
44416
20133
71894
92023
24839
59135
16327
54150
23222
6140
20795
30303
24334
98903
44755
49754
24928
7799
91773
80278
70084
55065
55735
706
21786
95653
65627
72382
61179
80291
88203
33468
90267
76614
48666
47680
54237
53990
31605
47783
39666
29260
5132
29347
27632
70822
25441
82788
66572
80122
57996
87507
74579
94007
97000
59544
60714
25863
39646
6395
43264
82465
68364
39239
28301
49404
51825
73067
8266
29757
23415
85754
65196
55569
36638
85842
93726
27766
48833
47897
72346
41651
58088
97636
32227
2153
51241
71153
31842
46209
75323
25844
22908
2692
26552
4143
59724
81706
35118
80987
17058
62058
56067
56803
62487
98480
45315
59983
62252
6124
11976
50142
50878
5639
60196
96076
29672
78513
9069
50035
21910
7062
8037
82958
7393
27439
87461
92889
91883
84500
12806
30932
74329
56271
37228
8678
90984
95627
33200
7486
96173
53612
61896
45077
53998
28185
1973
28304
59318
36948
94024
86945
96505
6826
60881
6892
92868
41445
76262
69735
72863
7614
58541
47355
11683
83088
91942
16008
26802
35337
65368
66532
21655
37465
13942
20772
69979
87949
81710
44371
91105
8437
20334
90239
52799
28417
5555
82131
77753
34827
83855
56927
87963
32717
15094
62356
59603
15667
48710
43147
56393
7755
65424
26597
55805
34969
24871
39181
539
64359
43812
11706
22012
95738
21076
72977
13180
24159
65950
57671
96564
99752
76021
32835
58004
84772
67446
81218
80991
90074
32286
76532
83906
91671
35276
49924
62226
70158
15342
53557
26913
48588
87851
48712
67133
11557
64652
47738
74565
72681
51528
65290
23529
25014
73834
83961
19645
32711
61313
21417
95161
69226
52196
84712
61360
16944
46687
3814
74315
69341
34591
38049
77922
3967
4662
6530
28470
34523
76268
56512
13070
67874
98786
21443
45676
30819
96228
63939
25770
57627
54218
56239
1430
97415
16203
49769
99816
64506
75359
83918
31900
28202
7214
4019
56305
44708
52378
91724
34237
81376
18791
37222
11658
61615
9827
3636
87472
36368
37333
90055
38576
28419
24582
33749
98827
38197
70310
42780
87005
38202
4893
64705
36569
97720
20240
17873
30562
9343
43147
69832
79780
47895
89297
92624
12333
38547
80765
28673
8715
84001
24211
93927
64738
61315
31593
33090
85258
6647
65611
50534
85955
94322
24240
37154
2103
30732
10551
34526
50474
56245
86141
73373
640
98758
27838
97730
36587
13810
96420
3503
66543
59354
27601
31721
97749
17663
67686
45175
87400
99443
718
68297
72783
59337
78666
93750
23591
98251
8953
34269
82845
4809
75843
27181
63589
58831
60130
7712
52409
10000
45678
26978
68946
74046
228
42863
85980
71132
59922
43547
37337
53899
74689
7371
55477
85184
95967
17056
58016
17366
68232
93524
67149
44000
69329
61853
93575
38935
32337
22574
54827
40721
72301
67997
45222
39667
19070
4767
58859
82365
47616
75855
10737
53891
99194
68686
64551
47485
17157
30053
92693
97972
45978
4262
42353
23036
6941
75344
65818
44801
65312
83120
78548
9850
44533
41732
53216
88091
8020
68764
25943
37382
61701
14682
31908
97441
86571
82136
61179
61187
20622
19240
72346
66471
7875
49334
11866
76739
7481
84554
33809
51315
930
43818
75080
29966
92860
29533
54452
3227
42491
42986
70579
29916
41973
28990
54853
80359
33610
93708
97061
41014
48878
17614
97698
42901
213
40938
75902
82072
90457
8720
73410
83855
33291
7776
36412
40146
53972
13257
80758
11670
21830
21868
65524
58434
59844
45727
11210
72379
42858
38477
26360
44762
94203
62299
51875
29632
26533
13093
89392
14752
38259
73606
46496
41018
33903
54967
85059
81288
93585
36942
95834
86673
7337
44360
99501
48860
11685
19490
1477
11231
27071
57633
85736
12340
90631
26514
45487
67948
93480
79147
36357
55294
34425
335
62462
42680
76194
85393
8785
81494
90185
17488
1140
11025
6072
86177
58419
8334
83085
88555
53132
20023
67550
52299
26442
71303
12006
28087
56827
73503
28081
45183
77008
46070
11039
64080
93873
39565
4953
2675
30875
33568
79374
29842
5912
69592
95111
27931
84824
6557
69231
40861
89329
11753
2777
83278
49
36248
76397
45007
74395
74235
31539
68327
47782
94028
4923
2796
73614
95324
56038
63521
72244
86344
91860
10393
52185
778
51339
24602
42963
18988
62432
66364
78953
84407
74726
89360
92465
76585
74800
72926
69123
57989
676
38246
50458
28197
37407
30408
95239
46474
70079
67616
67345
24372
86640
265
25965
28589
90871
83586
43829
32223
50484
68397
15497
15782
1688
67892
13471
10880
55267
42535
34343
91777
24248
5440
8672
51908
88447
34632
43889
85787
7383
31634
90149
45063
92278
90468
37862
68067
99550
78679
26772
64059
45695
63284
79171
18074
45251
73918
85486
69568
14969
58766
20859
67091
77729
98137
82701
98861
10673
10062
50528
74483
4002
99900
46501
58789
47162
25201
89882
13233
18358
88989
17444
89122
57460
2484
89483
94071
69211
83474
69619
590
96743
19992
25299
31326
25685
53269
33396
260
21415
92257
72968
41397
98196
92003
29380
2803
60431
52274
95323
98395
40018
39192
42296
17562
66568
52178
79415
34880
25332
24500
74593
27053
44513
22569
38979
30792
89894
17816
28042
8622
65493
98147
85757
98375
16289
88937
75126
61748
24714
37355
17534
91013
27815
99308
35780
13895
4686
95377
90874
82778
81986
35431
4845
98753
46842
14564
84638
72531
94250
98822
97250
12526
43408
45432
29554
73451
25150
50547
11504
108
14943
39809
30967
74290
25479
36765
55037
30539
37467
24182
91752
57609
28698
13425
87722
26542
55719
238
62746
14083
37044
51075
46352
75336
6508
47493
2077
92966
78653
42566
77797
70432
71681
99512
30010
14151
74824
91503
19990
99756
3779
19972
48852
28177
25455
37429
92684
12441
75227
75466
34729
23006
60152
46163
37961
84993
3101
54574
26768
34299
49012
44004
85801
98898
7013
90931
96603
61224
59036
5254
60931
11342
74905
41984
87828
14485
42388
29943
29608
80837
94635
68637
83073
62438
29258
60955
45376
40348
7894
19542
44801
7408
1142
47795
65425
95720
40222
82518
82926
40985
49945
59398
24217
26707
35282
22061
76282
20507
95167
11868
55441
50710
73131
8715
44820
15616
92735
32989
91626
99517
51436
26273
19394
76167
17303
39894
24145
63014
76161
50790
83686
62557
35666
46867
3692
29665
50498
45776
26587
43077
21700
12390
58075
80016
52623
80534
99920
50896
35210
35294
28538
48424
51123
9909
61576
75813
99371
57168
87291
72782
29762
81479
90777
60954
97499
68978
95630
17371
75068
12684
72812
66040
1717
22906
50459
16504
40426
29285
69502
76666
58846
32578
50500
16898
56670
56083
4744
66414
72327
56455
35846
95206
74997
7132
55769
47282
70985
86437
63062
5957
60053
62822
51007
12279
37800
20444
43813
18801
32593
81146
36189
36769
14033
26030
64605
78478
49986
59329
64180
18917
79837
44157
8707
80689
7277
19210
51132
39562
21614
77041
7253
96452
89761
31394
68073
62760
44687
18768
9067
20415
10903
47705
37960
63115
50230
61252
60888
81424
23026
58563
12673
20879
82947
86200
86120
41268
64895
45556
53748
32325
51872
45658
13985
88091
63571
22531
8574
68045
63552
25466
72132
11175
47793
48423
71475
34202
5538
41161
75434
65325
62883
68220
42978
29233
32620
27579
72169
34834
29310
87903
45398
52489
95890
77381
27117
51918
23200
60301
99313
28715
8462
6590
95489
14412
13875
13096
65073
23539
81831
38498
86278
74311
96617
945
95437
60972
12684
41322
3704
17903
84479
75694
19190
82936
88824
90132
7630
17185
47100
91493
89848
64486
46605
24577
60920
61458
13521
55199
46872
41401
22138
74929
98401
39525
59672
51334
21493
63591
91223
54344
14956
32015
71382
10758
70248
39671
94918
81389
25623
52633
50042
31055
12774
37761
14481
85605
71261
47422
23038
25232
66138
60817
28304
3547
97997
90888
9571
58653
61421
23429
56834
70011
73846
9622
19830
79242
6816
69514
24752
76242
3197
78809
88207
63086
72526
33186
86095
7407
85986
86162
38670
16704
40589
40672
44412
74309
81377
72726
59422
26845
12683
37417
32511
65702
57644
82793
8180
23583
96562
13940
45770
67689
37459
36902
18511
48006
50438
6091
56985
82052
95966
24532
27191
19411
93443
49384
47794
33681
14766
37746
60479
41736
90465
90040
70628
74509
20450
5739
14788
10665
84242
79002
47401
7316
92653
10626
43309
85277
36416
56129
98501
75526
10018
26888
22795
76300
14513
67469
89446
11013
70634
77568
53560
61890
48037
91798
96612
19924
45290
67585
50202
96491
93620
22337
50400
73753
25248
86387
47710
84180
25937
67911
78854
55003
17124
35216
71871
53040
60107
41621
9325
35331
31401
33508
67646
73968
40233
73830
31827
87487
91835
53550
64745
19753
68043
28010
21731
40570
74367
46364
69430
22866
31086
11427
52528
69253
29624
81298
25958
62114
64389
1314
15513
24401
98590
92963
38276
70774
42978
45934
28677
67666
10470
8950
357
57320
27981
31164
29894
54653
1535
72834
28552
64504
69481
40279
51063
91338
12753
7185
2709
65031
83891
43289
58400
87858
3965
15104
24063
77463
21604
90608
25166
31921
17409
37149
36068
61452
83564
16026
27805
15908
66835
79751
55241
61709
34551
53480
42192
79852
98947
6897
73024
14594
8201
27614
81300
713
44347
93119
93955
35031
33187
89681
38723
128
56288
18567
14200
87864
15037
45479
37756
14613
83311
8401
95596
3603
45580
4122
23053
53393
88482
58199
34426
22456
85563
43509
86219
9180
51115
96709
25187
95483
63219
36020
48662
88355
67958
8921
3605
76592
8212
31304
51352
55635
76968
33956
50055
31022
44507
528
81764
32635
83940
26534
47096
68621
29117
35809
8761
23214
48802
81941
59412
10759
98184
77823
85213
66238
79479
13238
49297
21817
74182
85025
78692
7586
39474
50562
86155
63555
56154
10896
60360
13872
61946
40802
68718
19875
41826
50247
4400
41379
48371
50547
330
33342
28693
98932
72587
12949
37783
55459
8158
59895
89445
44021
63475
18725
88351
85585
69391
62005
11548
56636
2445
8274
93210
8592
53871
71937
20160
6667
517
11486
98770
25636
4088
23205
41360
97144
45908
95340
77004
69090
50928
99181
5829
45546
98299
61570
3525
76020
70309
66217
83732
74617
85863
96263
69015
37843
19536
51465
9161
76593
37773
58149
87636
58602
13075
55743
55691
31247
3948
30215
30471
72761
37693
98880
97180
55874
20336
75068
69464
74063
34978
4803
23159
6475
89130
434
92358
63375
89605
25439
3570
52253
11834
46107
83916
72587
9519
64977
69852
18877
23144
21611
60030
63052
41398
40627
23005
83842
9092
70071
11915
62023
19129
27398
69082
51157
10187
18871
73658
63496
74689
3112
67631
3602
73634
75876
29646
651
36383
38686
31317
84869
36346
60186
64612
75869
93938
43
49020
33165
31852
83319
38354
83807
34720
45302
95119
81020
86205
97145
42055
30531
79993
78024
17300
61397
9848
66116
73647
11436
34296
99755
43
74892
91096
50457
20590
34290
98499
9131
17356
53609
5661
74592
93153
51163
9224
76408
79883
88452
47475
42462
30466
67907
62944
64482
86549
6506
49201
68319
88963
47796
78478
23099
89362
23350
39925
51085
52335
12110
13534
53240
55427
65528
39690
92502
29038
97312
57352
29328
13666
59569
41539
78377
5151
70092
89964
6811
57958
81492
85471
35513
13980
32774
51828
69619
46558
84679
26533
57464
69148
18453
70295
26166
34451
48671
48871
65212
29738
58161
16434
97473
79240
98567
71264
56126
54576
30978
6510
97526
26459
59385
89848
70454
77297
92327
14239
8566
78467
51618
3996
15615
30503
30796
43745
83336
19473
40834
9544
10745
30699
33618
26939
21264
17777
93609
72351
39233
41035
71594
55325
37463
43720
54843
72686
31610
97203
27162
42659
22345
51349
55117
46958
27431
61319
83638
93521
7858
65265
64293
55553
53966
23684
92839
43958
43936
19825
33373
4786
99446
42372
74247
79019
72132
30272
21439
38391
393
81272
66723
52915
32432
17543
51210
66928
5458
62829
38295
21786
21817
40199
94795
49062
14112
79562
43221
77464
70070
1403
83364
49135
80289
56462
21534
99789
17182
99097
93225
2278
87943
564
74182
39460
60558
32751
69405
34133
98918
8080
90100
84786
41248
77767
80345
75468
17235
49328
41439
76117
52309
21509
29253
67720
24774
64989
94609
18071
11052
83429
47004
69743
88696
96633
15335
96874
88999
20224
2764
18832
73029
80193
25903
25067
16621
21477
62291
45734
75403
72619
55657
47392
44322
52033
78083
86995
70729
58086
5254
73852
58607
41434
39710
93766
89856
30462
64043
77528
61792
38157
24890
61207
92277
62550
84398
68089
44033
1173
33629
39176
27308
93389
82359
81006
65600
5445
93793
10211
10286
28
21792
90449
83726
46858
50129
27424
9411
64180
69685
81955
15869
44939
79434
55037
36856
24578
66741
10577
80162
82603
66906
22854
12922
68621
32590
28787
3572
12995
43460
87756
82393
43220
30692
15529
21931
74794
32218
3791
75589
35665
44810
65246
18529
2191
82049
94551
28724
55674
49990
38663
64404
99354
91920
58580
54841
16893
91057
71490
89185
64464
57712
15907
13134
30401
41077
46489
91146
24366
19933
80041
16619
13097
31149
78046
87665
59307
43906
36951
68811
80273
50855
5071
73690
8984
81377
53830
12046
92689
24517
70992
60748
12896
36457
7706
9201
45143
6679
14709
16976
18282
92701
57985
91927
44271
4066
25463
32784
90260
60499
44467
69379
88348
10491
50556
2745
96919
66226
83921
89403
69757
32204
625
54073
22631
52434
28743
42566
68811
8942
27121
87040
88370
45247
83275
84590
87767
53485
56797
29731
97438
83638
89245
66719
10574
42183
86274
78900
71852
26246
59975
83109
79126
96492
69688
11691
18809
49136
39645
77617
272
41215
62880
43487
74458
16167
41179
51573
35094
21490
42371
32557
49501
95216
74251
90627
45403
38446
71351
464
76204
61251
80734
34705
94544
55464
97178
34726
12874
54791
81456
36663
315
35852
60054
69969
56405
71801
94534
51566
32927
32758
13886
35443
86276
66053
33360
34354
63512
20884
82189
42352
53481
53899
82985
71969
85149
28549
79691
88431
76718
39771
22452
24250
49759
94300
10249
51385
50425
48857
71102
30622
14566
28828
26465
90008
43209
27193
78273
81330
62264
16765
95225
3513
30712
29475
43132
21915
33811
45829
21118
17674
45656
39120
45949
9983
95792
41840
25003
79036
89496
50442
58521
52682
29600
66281
64097
70785
57311
15599
77456
46822
83088
31181
10478
21614
8717
39983
8204
61601
40934
32302
29480
30554
70046
36745
99552
80843
81187
52622
59185
73821
49832
20977
14058
69652
15488
51455
70546
63377
59961
14061
47315
94610
95219
40265
23137
11284
18396
79794
79883
61176
73801
61220
20829
77508
77490
47435
3631
74016
29035
32057
24398
11456
12379
38034
32901
5570
3835
68004
38120
84429
269
61717
75388
35898
24117
51060
52294
4206
48376
41970
77039
75429
37872
60489
24880
96651
85578
44186
84768
77347
41181
38677
26679
94667
3078
50353
16798
11126
32100
44764
89206
40633
24461
80812
72129
52290
80843
33395
15824
12769
40567
6129
85866
14987
26320
91939
48662
89203
88728
32410
72198
75705
68524
43239
57728
43743
2749
18321
97449
50518
6352
67401
17552
86840
33006
72181
40245
82766
70696
63689
82548
95569
91660
65108
70290
16973
5980
14453
23651
44802
15697
20398
31797
50500
49740
45521
30556
88803
33844
31448
45787
91365
24177
61201
300
72270
79300
90485
1548
54849
82689
60890
34054
79169
4298
70590
53626
7889
67081
38212
78218
95001
10249
36667
50497
57834
50802
12026
83136
23800
2367
79240
19655
77894
93918
33975
42716
85824
11491
10193
96090
94241
43817
34346
71097
47125
93254
97397
78742
51481
25738
44563
28160
18559
64244
92613
89055
57901
5617
4067
44704
84261
14770
15430
62784
5311
14056
59295
89909
24082
55871
51178
53268
78642
39700
5565
82498
23635
59509
59451
70299
23435
90227
13350
41592
23958
92134
10288
68897
24915
95838
45010
84527
33931
33665
42901
42172
44722
1766
85262
54890
7463
10700
44135
16973
37334
61655
25560
20245
35132
19337
15477
61019
52810
29081
1409
3688
1954
90579
26304
94621
59230
42476
41418
92514
42449
59455
41019
54990
22085
30665
65351
82800
68131
97950
93963
46488
44018
56614
67966
91813
35702
84951
22599
85452
23001
37552
28520
74018
35240
90415
80984
10566
27156
91407
79823
24045
90169
83490
15546
72011
9339
34087
34926
27707
71596
25480
44601
18603
57290
54419
48564
73159
95973
81907
96020
88705
8638
38602
27104
45626
14603
24557
98109
74800
55800
57852
91877
76643
94823
18076
21783
85157
40632
48371
22407
85694
42755
23488
41846
72761
52482
77844
4220
4335
84748
1713
36738
68078
19164
31325
70444
25637
28560
8387
98963
36367
19117
15686
13361
57
48992
28835
61238
91570
38848
76386
9879
4046
40111
58680
68678
73783
19390
66461
34716
93200
99664
25797
28851
96967
45655
59421
13713
21367
41243
34179
25214
78999
48185
29378
27926
48867
48584
45801
69754
63556
32630
56487
26465
32255
19953
22726
93036
52215
98530
99585
216
14335
76116
1026
39500
32608
67155
8861
78929
13380
45647
27074
63393
15261
67263
96163
53753
76052
13890
62403
26344
24241
20192
13335
23850
16420
16016
31132
84334
78607
87059
63892
81618
16048
57789
19294
37457
4206
40116
92913
20018
48511
52304
16981
94562
69171
99363
67326
14940
30721
32466
23877
89957
7212
70785
38053
35508
98994
23565
12751
31726
29873
97683
5643
83984
44598
14638
65004
16229
70435
31005
64461
15448
25500
73443
37422
9091
89135
17736
57702
41349
80446
32957
92867
20466
38218
58493
30117
85381
82045
49903
11603
78289
42419
70887
11225
15413
36262
38828
33919
17581
20853
84852
86759
73669
60337
24332
42210
17705
82052
66868
23599
16695
74238
93319
51633
96790
86397
48152
33996
29312
93976
3896
77436
22363
73704
56500
86770
92645
46740
53530
87212
8621
50455
84124
76752
66143
15280
69166
28933
25751
95974
29386
90574
7927
42710
98227
46851
84628
52026
80886
6701
45930
1528
99084
68606
71279
14084
32220
18923
25893
82995
85213
25928
30377
43549
27193
41438
25993
7598
18734
16747
36435
58537
25998
2454
40968
59001
49126
9389
50383
91094
80955
78205
43941
47248
48656
61933
42130
61820
42436
16440
75672
68664
30553
16997
94277
94300
15375
23268
68583
80094
56271
47335
68223
27458
48772
54811
74094
67709
52387
92770
28492
45572
58443
44655
51575
59286
23047
7581
18697
28226
39409
14699
74402
99318
86833
57912
35652
40358
92259
51159
48798
51349
13206
3695
17568
15043
92848
27666
70509
43763
80239
59576
96559
21208
2442
19863
57028
74076
32118
72673
35285
56940
12037
97530
20008
62115
60617
23765
51627
49521
89719
35146
72945
29639
7686
6806
35802
24770
19606
24654
48426
99186
60749
993
24027
60326
51836
52298
80110
64054
86305
15471
67677
56973
15110
31001
1580
10704
39910
89424
24958
68527
95408
68530
80068
55623
34884
60943
84048
80114
71098
60484
66824
88972
87746
35123
28661
60258
58470
67643
45851
41785
67883
13689
36515
17177
6262
12635
95156
42900
11884
81244
83201
73942
94226
53537
26940
74122
32659
74991
55143
12615
97696
2023
1291
66742
10737
9504
86434
1249
26026
46047
36462
58425
12025
39733
32269
32612
48827
67188
93444
11585
44094
5807
13016
68825
76545
70958
60699
87492
35480
36171
35204
42197
69708
43212
10263
50212
44767
80509
36644
72821
8589
53865
32684
89290
16206
42901
1693
79618
36856
10681
87422
23916
74785
73596
6022
1612
75137
73291
62471
17961
85462
8821
3272
36848
36802
902
38513
74793
27567
27774
73151
9620
3155
11981
64311
1183
92110
40142
8695
55623
36976
88029
49192
24712
5048
34294
63568
8772
85207
67148
58500
37100
49906
65474
36026
44429
38694
58985
11036
40665
12998
49271
10713
89233
98048
69568
33749
70349
62239
84852
38465
29288
72553
17301
52229
82602
96296
72435
47514
99795
9349
59429
22388
87905
77712
30406
15964
5727
78108
2634
66076
93258
11784
7772
41204
75968
2713
98069
48746
35015
49954
76923
75997
10104
20902
91220
54522
80486
55124
14661
55335
49615
73040
38027
77565
23070
78643
22773
95604
88697
79593
98940
42070
84622
17592
37825
14005
59317
15168
37793
79096
31266
30590
63415
27888
24555
18218
46926
90186
3088
88897
50177
28669
29579
30461
83602
5314
52213
77951
90211
16100
3953
94255
372
23853
51866
98650
24249
71680
20133
36250
82967
71589
10674
8692
53436
2174
80917
15931
98648
56665
34491
65074
40795
82398
84219
6254
34124
89512
56250
39129
13092
14576
8731
6707
14757
73605
5409
23763
6554
11704
11618
56108
55884
54324
45035
56331
19869
15083
56970
75580
69445
92171
34524
75852
82535
85423
59155
11272
13200
32338
76131
49445
15595
33054
24809
20633
61603
6595
23608
53863
54870
17955
46018
22072
62898
3049
61920
79428
64368
37594
25406
62289
83978
65060
55942
22898
38585
61972
27623
47088
60207
21156
70593
71718
96494
38096
63152
97510
27651
98825
2483
18905
55459
20131
34488
42308
61536
44041
81798
41382
22023
38097
85798
96893
15066
38985
42350
56457
70981
93648
66251
64360
24223
86498
30059
91585
83103
5579
42373
73948
96184
41373
79109
58414
16787
71997
47128
89074
42151
68055
55152
53075
78360
95666
50612
24902
36553
66333
1512
52788
82015
43913
29460
26326
12595
25681
43187
16537
4947
30643
17691
97601
71799
93923
13892
65609
87067
92149
58902
23304
574
66359
50227
49103
91413
27681
23326
5743
66444
55557
24807
44088
17882
81409
9589
80860
15872
19411
86862
52211
76127
24780
85478
92631
46227
15805
42721
95183
90479
54414
1254
98664
96374
45134
40771
48639
28019
20772
43159
4380
98102
50436
80192
54041
14764
9373
40930
15648
56569
44847
17904
79506
77269
34330
47354
78339
61504
16369
37075
23715
74851
42669
30429
37880
32933
41823
44403
37095
3302
59741
9331
56049
38076
68766
71431
38682
76327
28480
91375
58405
46995
16230
22796
10843
48074
97056
51755
97226
28659
62722
88716
24682
79915
22582
19726
90427
55838
56334
10040
79594
52610
10769
70055
45938
84817
34743
68943
10879
40833
38480
67152
25614
54561
89278
67255
98193
14034
20131
9517
83630
11039
92340
65856
28807
82427
75885
84812
93300
9558
543
8774
59020
55707
98820
40101
63875
26601
19827
6925
41197
99788
55023
68697
65377
59800
9498
89349
16473
38209
45255
23413
21685
65049
15756
8389
31711
61863
35222
32973
47753
8672
60759
37329
9394
77061
94042
84995
6664
49529
46487
68437
73192
69725
34466
26911
68897
85386
7902
57865
598
90827
88015
87926
45730
9044
56813
237
39733
92034
83412
61764
15453
20209
45785
26860
73824
9332
90487
82836
57317
48372
31238
22298
16979
99176
79277
57845
90545
7182
4175
6936
94381
43939
95201
55811
48280
84229
1243
44300
59278
38818
18701
81606
65203
25948
33481
29739
26969
31067
42878
3691
75455
29263
57861
27825
57235
48897
468
30478
51031
81557
28303
86853
47425
53087
92703
23954
41149
12894
80923
28984
42574
81913
66178
55077
37201
95829
1035
78980
71138
18544
46644
81087
82840
98877
75446
27854
68395
68924
29818
71168
1974
20149
98725
25733
43991
11185
69614
18711
31668
93942
68336
17443
78839
60957
40730
76503
41498
57681
35492
27529
27710
4518
92349
19297
45621
47347
41087
91364
68192
85357
3588
79295
8178
4802
17042
5484
63507
54831
69